45 50 0 28
1 0
2 1
3 1
4 19
5 24
6 25
7 1
8 1
9 1
10 24
11 27
12 26
13 4
14 1
15 0
16 1
17 1
18 8
19 23
20 24
21 27
22 1
23 1
24 2
25 25
26 28
27 26
28 8
29 2
30 1
31 2
32 1
33 10
34 22
35 26
36 26
37 0
38 1
39 0
40 25
41 27
42 26
43 18
44 1
45 0
HPP

45 50 0 24
1 0
2 7
3 14
4 11
5 24
6 10
7 7
8 5
9 9
10 10
11 10
12 13
13 14
14 8
15 10
16 10
17 6
18 9
19 15
20 16
21 14
22 9
23 6
24 5
25 6
26 9
27 11
28 16
29 18
30 20
31 14
32 8
33 13
34 8
35 12
36 10
37 13
38 16
39 16
40 10
41 10
42 3
43 4
44 8
45 18
46 18
47 12
48 3
49 0
50 0
VPP

45 50 0 1
1 0
2 0
3 0
4 1
5 1
6 1
7 0
8 0
9 0
10 1
11 1
12 1
13 1
14 0
15 0
16 0
17 0
18 1
19 1
20 1
21 1
22 0
23 0
24 0
25 1
26 1
27 1
28 1
29 0
30 0
31 0
32 0
33 1
34 1
35 1
36 1
37 0
38 0
39 0
40 1
41 1
42 1
43 1
44 0
45 0
HPPbin

45 50 0 1
1 0
2 1
3 1
4 1
5 1
6 1
7 1
8 1
9 1
10 1
11 1
12 1
13 1
14 1
15 1
16 1
17 1
18 1
19 1
20 1
21 1
22 1
23 1
24 1
25 1
26 1
27 1
28 1
29 1
30 1
31 1
32 1
33 1
34 1
35 1
36 1
37 1
38 1
39 1
40 1
41 1
42 1
43 1
44 1
45 1
46 1
47 1
48 1
49 0
50 0
VPPbin

45 50 0 1
1 0
2 0
3 0
4 1
5 1
6 1
7 0
8 0
9 0
10 1
11 1
12 1
13 1
14 0
15 0
16 0
17 0
18 1
19 1
20 1
21 1
22 0
23 0
24 0
25 1
26 1
27 1
28 1
29 0
30 0
31 0
32 0
33 1
34 1
35 1
36 1
37 0
38 0
39 0
40 1
41 1
42 1
43 1
44 0
45 0
HPPmorph

45 50 0 1
1 0
2 1
3 1
4 1
5 1
6 1
7 1
8 1
9 1
10 1
11 1
12 1
13 1
14 1
15 1
16 1
17 1
18 1
19 1
20 1
21 1
22 1
23 1
24 1
25 1
26 1
27 1
28 1
29 1
30 1
31 1
32 1
33 1
34 1
35 1
36 1
37 1
38 1
39 1
40 1
41 1
42 1
43 1
44 1
45 1
46 1
47 1
48 1
49 0
50 0
VPPmorph

Reading direction: horizontal.

3
4 3 6 48
3
10 2 13 47
3
18 3 21 48
3
25 2 28 47
3
33 3 36 48
3
40 2 43 47

