45 50 0 21
1 0
2 7
3 18
4 21
5 20
6 21
7 16
8 3
9 8
10 12
11 16
12 18
13 15
14 15
15 3
16 7
17 13
18 20
19 20
20 21
21 15
22 3
23 10
24 10
25 15
26 17
27 18
28 10
29 5
30 6
31 12
32 21
33 21
34 20
35 21
36 16
37 3
38 9
39 11
40 14
41 17
42 16
43 11
44 2
45 0
HPP

45 50 0 30
1 0
2 0
3 1
4 20
5 28
6 25
7 12
8 2
9 1
10 0
11 16
12 18
13 21
14 14
15 14
16 7
17 0
18 1
19 3
20 25
21 30
22 26
23 11
24 5
25 1
26 1
27 0
28 12
29 22
30 27
31 21
32 8
33 14
34 0
35 0
36 0
37 14
38 21
39 24
40 29
41 17
42 2
43 0
44 0
45 14
46 26
47 26
48 18
49 0
50 0
VPP

45 50 0 1
1 0
2 1
3 1
4 1
5 1
6 1
7 1
8 1
9 1
10 1
11 1
12 1
13 1
14 1
15 1
16 1
17 1
18 1
19 1
20 1
21 1
22 1
23 1
24 1
25 1
26 1
27 1
28 1
29 1
30 1
31 1
32 1
33 1
34 1
35 1
36 1
37 1
38 1
39 1
40 1
41 1
42 1
43 1
44 0
45 0
HPPbin

45 50 0 1
1 0
2 0
3 0
4 1
5 1
6 1
7 1
8 0
9 0
10 0
11 1
12 1
13 1
14 1
15 1
16 1
17 0
18 0
19 1
20 1
21 1
22 1
23 1
24 1
25 0
26 0
27 0
28 1
29 1
30 1
31 1
32 1
33 1
34 0
35 0
36 0
37 1
38 1
39 1
40 1
41 1
42 0
43 0
44 0
45 1
46 1
47 1
48 1
49 0
50 0
VPPbin

45 50 0 1
1 0
2 1
3 1
4 1
5 1
6 1
7 1
8 1
9 1
10 1
11 1
12 1
13 1
14 1
15 1
16 1
17 1
18 1
19 1
20 1
21 1
22 1
23 1
24 1
25 1
26 1
27 1
28 1
29 1
30 1
31 1
32 1
33 1
34 1
35 1
36 1
37 1
38 1
39 1
40 1
41 1
42 1
43 1
44 0
45 0
HPPmorph

45 50 0 1
1 0
2 0
3 0
4 1
5 1
6 1
7 1
8 0
9 0
10 0
11 1
12 1
13 1
14 1
15 1
16 1
17 1
18 1
19 1
20 1
21 1
22 1
23 1
24 1
25 0
26 0
27 0
28 1
29 1
30 1
31 1
32 1
33 1
34 0
35 0
36 0
37 1
38 1
39 1
40 1
41 1
42 0
43 0
44 0
45 1
46 1
47 1
48 1
49 0
50 0
VPPmorph

Reading direction: vertical.

3
2 4 44 7
3
2 11 43 24
3
3 28 43 33
3
3 37 43 41
3
6 45 39 48

